L1xx: 0.156144
L1xy: -1.9787e-06
L1xz: 5.33403e-07
L1yy: 0.156008
L1yz: 2.87625e-05
L1zz: 0.156107
l1x: 0.0003783
l1y: 0.0203989
l1z: -0.005499
m1: 3.9
L2xx: 1.33118
L2xy: -2.23132e-06
L2xz: 0.000547369
L2yy: 1.33116
L2yz: 0.00324959
L2zz: 0.356014
l2x: -0.00182895
l2y: -0.010858
l2z: 2.6636
m2: 8.9
L3xx: 0.810769
L3xy: 2.43631e-06
L3xz: -0.000199881
L3yy: 0.810699
L3yz: 0.00579211
L3zz: 0.244071
l3x: 0.00071614
l3y: -0.0207522
l3z: 1.70256
m3: 6.1
L4xx: 0.156088
L4xy: -2.46285e-06
L4xz: 1.287e-06
L4yy: 0.156019
L4yz: 3.61218e-05
L4zz: 0.156069
l4x: -0.000585
l4y: -0.016419
l4z: 0.00858
m4: 3.9
L5xx: 0.156082
L5xy: -8.08055e-07
L5xz: 1.61611e-06
L5yy: 0.156066
L5yz: 3.27795e-05
L5zz: 0.156016
l5x: 0.000394173
l5y: 0.007995
l5z: -0.01599
m5: 3.9
L6xx: 0.0113946
L6xy: -1.43755e-06
L6xz: 1.518e-08
L6yy: 0.011
L6yz: 4.1668e-06
L6zz: 0.0113946
l6x: -7.59e-05
l6y: -0.020834
l6z: 0.00022
m6: 1.1
